0.598238	-0.0182688	0.236254	0.302693	-0.0709157	0.107943	-0.167691	-0.0344569	0.0544031	0.0155161	0.146462	-0.0341235	-0.0740178	0.168397	0.0920191	-0.279313	0.0163333	0.0599868	0.0102741	-0.0425605	-0.0620778	-0.243949	-0.178343	0.0656781	0.0629326	0.180288	-0.0286367	-0.091259	-0.190196	-0.0741574	0.00161471	-0.147472	-0.075302	-0.0973708	0.0679235	0.133364	-0.326557	0.14055	0.00895935	0.128357	0.0415776	0.0481034	0.0903139	-0.172623	0.0749177	0.0849029	-0.266558	0.119398	0.13538	-0.0767892	0.0600331	-0.120628	0.0868397	-0.139487	0.017488	0.0341678	-0.1959	-0.002802	0.0523681	-0.23222
-0.0182688	0.65165	0.0709508	-0.0102375	-0.012416	-0.126387	0.139524	-0.0413	0.0173945	-0.155628	-0.246584	-0.41663	-0.131666	-0.0168469	-0.12599	0.00248584	0.201616	0.115084	-0.1004	-0.137008	-0.205382	-0.108717	0.0168094	0.133414	0.0110096	-0.0862462	0.078538	0.00323822	0.227706	0.0730623	-0.301688	-0.03093	-0.0289557	0.0707071	0.0597945	0.124555	0.183816	0.0669483	0.085253	0.0250483	0.247014	-0.102802	0.0576295	0.261314	0.307665	0.040235	-0.267611	0.0138638	-0.213488	-0.139055	-0.226793	0.387129	-0.0145704	-0.101048	-0.201986	-0.130614	0.088497	0.002581	0.0520052	-0.117288
0.236254	0.0709508	0.602846	0.0969443	0.00586465	-0.172147	-0.091932	-0.018268	0.231379	0.10046	-0.021743	-0.112107	0.0166257	0.0720926	-0.139228	-0.0968141	-0.163879	-0.0271047	0.201401	-0.0177476	-0.0473362	0.0713144	-0.200473	0.146473	0.0663472	-0.112336	-0.0127369	0.183384	0.180239	0.0265395	0.00267105	0.106646	-0.355539	0.229923	-0.0843131	0.169147	-0.229011	0.0403891	0.0208719	0.0365173	-0.0217013	-0.0229849	0.101394	-0.127516	-0.190129	0.266166	-0.273835	0.138261	-0.103791	-0.209923	-0.0682405	-0.272505	0.0148514	-0.0386494	0.0429651	0.085464	0.0340694	-0.176305	0.0344563	-0.224613
0.302693	-0.0102375	0.0969443	0.847382	-0.057341	0.0460923	-0.121369	0.0663586	-0.0368962	0.038898	0.328326	0.112181	0.268845	0.0808562	-0.227754	-0.383538	0.0427954	-0.153755	0.0400698	0.242163	0.145436	-0.0772622	-0.06067	0.054488	-0.287382	0.176452	0.0271187	-0.0830287	-0.0995923	-0.224137	0.181452	-0.134287	-0.0314585	-0.205219	-0.027823	-0.0207812	-0.367095	0.332649	-0.0709814	0.193667	0.0479603	-0.0118774	-0.206426	-0.208282	0.11431	0.0393714	-0.0593237	0.0323928	-0.14442	-0.0542905	0.141857	0.139336	-0.124541	-0.227327	-0.08629	-0.0406153	-0.0031871	0.0101477	-0.196483	-0.106573
-0.0709157	-0.012416	0.00586465	-0.057341	0.820877	0.017159	0.102043	0.102451	0.0122085	0.0442298	0.131264	-0.112847	-0.0888559	0.0732765	0.0933105	-0.291637	-0.15345	0.0169304	0.138943	-0.0199776	-0.236727	0.222679	-0.0638282	-0.136684	0.0314277	-0.10578	-0.0438205	0.0468652	-0.225195	0.118743	0.145671	0.102757	0.115784	0.206932	0.00195059	0.0347671	0.185695	-0.0346681	0.1069	-0.0771522	-0.413863	-0.142919	-0.0343559	0.0363057	0.100504	0.0394982	-0.0818645	0.0876847	0.0221284	-0.0193727	0.0111338	-0.20255	-0.0328363	-0.145359	0.0540191	-0.0846033	0.124902	-0.283033	0.0421314	-0.224985
0.107943	-0.126387	-0.172147	0.0460923	0.017159	0.576768	-0.0760822	0.0344679	-0.107026	-0.0383838	0.0271019	0.0681385	-0.108279	0.0912042	-0.0206891	-0.265076	-0.0166696	-0.00293217	0.173091	-0.00883665	0.102773	-0.10252	-0.332178	0.0192247	-0.0306696	0.0812932	0.0239266	-0.0995635	-0.0505125	-0.0501624	0.0134047	-0.100149	-0.000261808	-0.00408415	-0.0936812	0.17633	-0.120162	0.017254	-0.0213052	-0.120104	0.016581	-0.075438	-0.0945936	-0.045464	0.0713458	0.0210332	0.104153	0.23603	0.106186	0.00838602	0.161715	0.197349	0.229102	0.00191825	0.0708045	-0.152137	-0.381336	-0.0779969	0.0404156	0.0536346
-0.167691	0.139524	-0.091932	-0.121369	0.102043	-0.0760822	0.594921	0.0939007	0.162819	-0.131756	-0.234983	-0.131885	-0.105488	-0.0342265	-0.215881	0.0231649	0.0767171	0.00189673	-0.0288745	-0.0442964	-0.118932	-0.0291054	0.0632255	0.188689	-0.0889649	-0.0811295	0.0681761	-0.0837906	0.0100122	0.209191	-0.136036	0.195021	0.131756	0.157821	0.0716742	-0.0575897	0.168532	-0.279248	-0.217497	0.144716	0.327463	-0.253121	0.0970279	0.0287527	-0.0123904	0.107917	-0.0476709	-0.0772745	0.0261177	-0.0665988	-0.00213097	0.273645	-0.225247	0.104536	-0.240999	-0.0402912	-0.0329857	-0.085442	-0.0391101	0.0307616
-0.0344569	-0.0413	-0.018268	0.0663586	0.102451	0.0344679	0.0939007	0.486127	-0.0364402	0.0745216	0.0093887	-0.0756928	-0.0628263	-0.242899	-0.0838023	-0.0492372	-0.0179699	0.03643	0.0829395	0.147352	-0.00047232	0.0938713	-0.0795615	-0.0923779	-0.183039	0.128156	-0.0199861	-0.116202	-0.0316903	-0.0932254	-0.0367379	0.225296	0.161585	-0.0195357	-0.0954881	-0.0204634	-0.0102311	-0.0961469	0.0245412	0.138998	-0.0191563	0.100007	-0.0244195	-0.214434	0.0987264	-0.03316	-0.19818	-0.110719	-0.00437928	0.0987322	0.0901642	0.0676154	-0.0507079	-0.0662634	-0.0614425	-0.0423347	0.137474	-0.106229	0.0492158	-0.0588453
0.0544031	0.0173945	0.231379	-0.0368962	0.0122085	-0.107026	0.162819	-0.0364402	0.588882	0.195007	-0.0274936	-0.129619	0.103991	0.12323	-0.339604	-0.190517	-0.172697	0.0360228	0.0859756	-0.113551	-0.00543014	-0.0326287	-0.017879	0.244699	0.179307	-0.15936	-0.289341	0.122137	0.0118486	0.259767	0.150033	-0.0313525	-0.215175	0.0330255	0.0718713	0.148068	0.061745	-0.0936237	0.100326	0.156885	0.0349248	-0.0144529	0.00733651	-0.0441665	-0.214468	0.0781464	-0.139674	-0.0737941	-0.176893	-0.383914	-0.131035	-0.0676046	-0.071134	-0.0822137	0.0788236	0.0601856	0.0952409	-0.192928	0.059567	0.0256619
0.0155161	-0.155628	0.10046	0.038898	0.0442298	-0.0383838	-0.131756	0.0745216	0.195007	0.694263	0.218753	0.195714	-0.0121165	0.268738	0.000202906	-0.275717	-0.0434697	0.18771	0.102451	0.208168	0.157014	0.185365	-0.0423233	-0.198684	-0.0800058	0.0335784	-0.16572	0.135432	-0.056573	0.074338	0.248569	-0.156885	-0.100709	0.00012429	-0.0321768	-0.0188156	0.012237	-0.0420887	0.0575603	0.0909739	-0.331181	0.116691	-0.22206	0.0712854	-0.184337	-0.137692	-0.159857	-0.150568	-0.0130917	-0.0712125	-0.198071	-0.34613	-0.112742	0.0736488	0.0289539	-0.097993	0.206096	-0.337884	0.131708	-0.0543359
0.146462	-0.246584	-0.021743	0.328326	0.131264	0.0271019	-0.234983	0.0093887	-0.0274936	0.218753	0.647329	0.319489	0.250185	0.0934214	-0.056789	-0.200044	-0.0919746	-0.00935631	0.110497	0.201639	-0.0423467	0.108195	0.0172162	-0.106956	0.0173496	0.418252	-0.145011	-0.102691	-0.275503	-0.0494802	0.090586	-0.335153	0.0936099	-0.0764846	-0.00469816	0.0838609	-0.164968	-0.0233942	-0.0632601	-0.0239333	-0.170789	0.14807	-0.249489	-0.106112	-0.0322973	-0.0485812	-0.0117889	0.0383719	-0.10925	0.0188355	0.0428867	-0.190991	-0.0489014	-0.241146	0.0905279	0.0687133	0.0547461	-0.0715788	-0.0516311	-0.139675
-0.0341235	-0.41663	-0.112107	0.112181	-0.112847	0.0681385	-0.131885	-0.0756928	-0.129619	0.195714	0.319489	0.632477	0.192302	0.0705191	0.187195	-0.0115406	0.0367191	-0.0679694	0.0798277	0.0717422	0.12431	0.113043	0.00946887	-0.199822	-0.0871831	0.14931	0.0514905	0.0468338	-0.219993	0.0978338	0.142301	-0.180639	0.0227479	-0.0672034	-0.00484449	-0.154072	-0.239658	0.0598231	-0.142082	0.0134694	-0.16292	0.0359156	-0.273025	-0.0883468	-0.318255	-0.0227278	0.200332	-0.0308542	0.077336	0.139938	0.112008	-0.335406	-0.131099	0.120184	0.0470083	0.122159	0.069462	0.132972	-0.0957977	-0.0079095
-0.0740178	-0.131666	0.0166257	0.268845	-0.0888559	-0.108279	-0.105488	-0.0628263	0.103991	-0.0121165	0.250185	0.192302	0.777336	-0.243353	-0.255004	0.00379621	-0.228669	-0.231597	0.131598	0.0790163	0.365445	-0.0209818	0.0724335	-0.0684593	-0.203714	0.0851436	0.0030353	-0.18954	0.0912754	-0.0761614	0.100723	-0.00994733	-0.0130463	0.0473071	0.151555	-0.229127	-0.26459	0.17883	-0.14053	0.0959772	0.0676937	-0.0329411	-0.283467	-0.143651	-0.149314	0.211519	0.205087	-0.105135	-0.0854412	-0.0263729	0.0934532	0.137975	0.038431	-0.20942	-0.0378305	0.165523	-0.17694	0.0978994	-0.00314179	-0.0213787
0.168397	-0.0168469	0.0720926	0.0808562	0.0732765	0.0912042	-0.0342265	-0.242899	0.12323	0.268738	0.0934214	0.0705191	-0.243353	0.73918	0.0343752	-0.248442	0.122378	0.0994485	0.0637851	-0.0479142	0.0224418	-0.119547	-0.130058	0.208631	0.19924	-0.0710202	-0.158894	0.259837	-0.145257	0.144662	0.199346	-0.22682	-0.100698	-0.140646	0.0633535	0.0663737	0.00300513	-0.0387611	-0.0420749	0.0668183	-0.0808972	0.0998044	-0.23424	0.447412	-0.0750869	-0.2183	-0.0742826	-0.121592	0.0553902	-0.253187	-0.228968	-0.270971	-0.00516442	0.138473	0.0277082	-0.134519	-0.124524	-0.300659	-0.0339363	0.0603882
0.0920191	-0.12599	-0.139228	-0.227754	0.0933105	-0.0206891	-0.215881	-0.0838023	-0.339604	0.000202906	-0.056789	0.187195	-0.255004	0.0343752	0.950312	0.183434	0.258057	-0.0248458	-0.106626	-0.2468	0.0374666	-0.106136	-0.0272271	-0.353628	0.252543	-0.18365	0.140494	-0.0716693	-0.321988	0.194816	0.0466003	0.0165991	-0.0388737	-0.00186076	0.0058359	-0.0771281	0.131987	0.248964	0.083207	0.104856	-0.270279	-0.0860686	0.00754702	0.134699	-0.132706	0.0108558	-0.0526811	-0.202671	0.277153	0.223212	-0.0840438	-0.481856	-0.0432305	0.161989	0.31545	-0.0752647	0.135978	0.0995442	-0.0809611	0.106232
-0.279313	0.00248584	-0.0968141	-0.383538	-0.291637	-0.265076	0.0231649	-0.0492372	-0.190517	-0.275717	-0.200044	-0.0115406	0.00379621	-0.248442	0.183434	0.716978	0.023779	-0.181967	-0.178424	-0.0956971	0.0505306	-0.0571581	0.284742	-0.04256	0.0440996	-0.107465	0.137659	0.0427254	0.105506	0.0250142	-0.275665	0.0642687	0.0825543	0.0583859	0.0168054	-0.000704901	0.15244	-0.166641	-0.0196096	-0.151183	0.227204	0.0342815	0.174917	0.13884	-0.057924	-0.0404294	0.182209	-0.178239	0.0339264	0.220532	0.0425622	-0.0665076	-0.0147936	0.221607	-0.000868356	0.193836	-0.0491441	0.264409	-0.0159926	0.240157
0.0163333	0.201616	-0.163879	0.0427954	-0.15345	-0.0166696	0.0767171	-0.0179699	-0.172697	-0.0434697	-0.0919746	0.0367191	-0.228669	0.122378	0.258057	0.023779	0.735602	0.143067	-0.323247	-0.164577	-0.0115358	-0.11887	-0.0597811	0.165647	0.0734192	-0.0587407	-0.0673995	-0.179258	-0.203926	0.142151	-0.291807	-0.0256785	0.254315	-0.236764	-0.203162	0.0425046	0.205582	0.240669	-0.0219326	0.362036	0.204514	0.163718	-0.294825	0.252571	0.120032	-0.326217	-0.072364	-0.23709	0.21823	-0.17534	-0.243809	0.137987	-0.122076	0.0770744	-0.0659067	-0.114746	0.0645918	0.155493	-0.0598843	0.0301179
0.0599868	0.115084	-0.0271047	-0.153755	0.0169304	-0.00293217	0.00189673	0.03643	0.0360228	0.18771	-0.00935631	-0.0679694	-0.231597	0.0994485	-0.0248458	-0.181967	0.143067	0.669273	-0.108012	-0.0639968	-0.0207697	0.342695	-0.0211885	-0.0138831	0.137308	0.0459452	-0.214473	0.0897846	-0.0263743	-0.273368	-0.0572021	-0.139921	0.0512118	-0.0640645	0.0663032	-0.135274	0.0934158	-0.120178	0.185702	0.124604	-0.0843274	0.322477	-0.0245473	-0.0388242	-0.0376598	-0.239442	-0.124808	0.0210911	0.129153	-0.0201816	-0.281046	0.0422113	-0.0115135	-0.0969437	-0.0122808	0.0095276	0.225781	-0.0348817	-0.00746014	-0.280912
0.0102741	-0.1004	0.201401	0.0400698	0.138943	0.173091	-0.0288745	0.0829395	0.0859756	0.102451	0.110497	0.0798277	0.131598	0.0637851	-0.106626	-0.178424	-0.323247	-0.108012	0.517174	0.124895	0.0988728	0.0101987	-0.292044	-0.0400695	-0.0153016	0.0462394	0.0901885	0.060455	0.202937	0.129287	0.178809	0.0673024	-0.265058	0.254265	-0.0265613	0.021348	-0.271802	-0.101929	-0.194046	0.00567908	-0.0911427	-0.141814	-0.0587583	-0.0506543	-0.181894	0.329961	-0.112073	-0.0267192	-0.0919543	0.0278827	0.0645255	-0.1086	0.0123354	-0.0870111	0.150127	-0.117421	-0.128486	-0.297895	-0.00584684	-0.0606724
-0.0425605	-0.137008	-0.0177476	0.242163	-0.0199776	-0.00883665	-0.0442964	0.147352	-0.113551	0.208168	0.201639	0.0717422	0.0790163	-0.0479142	-0.2468	-0.0956971	-0.164577	-0.0639968	0.124895	0.50379	0.0357259	0.0863901	0.0444239	-0.126499	-0.330881	0.299556	0.114021	-0.0505864	0.17581	-0.198312	0.147609	0.0347503	0.0998473	-0.0380517	-0.128189	-0.116106	-0.176753	-0.132306	-0.221402	-0.0690102	-0.112443	0.0319924	0.078532	-0.134963	0.157875	-0.0294328	0.0304344	-0.021628	-0.0287485	0.231025	0.148612	0.0752416	-0.0656045	-0.0285998	-0.120973	-0.115851	-0.00452903	-0.134547	0.0272346	-0.0094654
-0.0620778	-0.205382	-0.0473362	0.145436	-0.236727	0.102773	-0.118932	-0.00047232	-0.00543014	0.157014	-0.0423467	0.12431	0.365445	0.0224418	0.0374666	0.0505306	-0.0115358	-0.0207697	0.0988728	0.0357259	0.820485	0.0106152	-0.219363	-0.0520427	-0.141944	-0.274799	-0.00703475	-0.0336191	0.00629267	-0.171068	0.150342	-0.00641931	-0.0888535	-0.0332215	-0.0158289	-0.131896	-0.18178	0.120067	-0.0295099	0.270656	0.0526409	0.0164452	-0.2587	0.0393367	-0.285793	0.0101446	0.233682	-0.341183	0.192447	0.0180357	-0.0378613	-0.00498542	0.118068	0.128499	0.104326	0.000307099	-0.395978	-0.141488	-0.140352	0.312322
-0.243949	-0.108717	0.0713144	-0.0772622	0.222679	-0.10252	-0.0291054	0.0938713	-0.0326287	0.185365	0.108195	0.113043	-0.0209818	-0.119547	-0.106136	-0.0571581	-0.11887	0.342695	0.0101987	0.0863901	0.0106152	0.641545	0.0280302	-0.141489	-0.0230938	-0.0617141	-0.0986529	0.211256	0.0150807	-0.291421	0.0621195	0.00672813	-0.0388641	0.144591	-0.085429	-0.0979538	0.0959464	-0.12864	0.186371	-0.129334	-0.288852	0.128607	-0.0167364	-0.20607	-0.210994	-0.0657068	0.103039	0.211458	-0.0832984	0.0750103	-0.0844138	-0.149248	-0.0563633	-0.0114179	0.0258506	0.112952	0.367525	-0.0706345	-0.12519	-0.178085
-0.178343	0.0168094	-0.200473	-0.06067	-0.0638282	-0.332178	0.0632255	-0.0795615	-0.017879	-0.0423233	0.0172162	0.00946887	0.0724335	-0.130058	-0.0272271	0.284742	-0.0597811	-0.0211885	-0.292044	0.0444239	-0.219363	0.0280302	0.702486	-0.181122	-0.152375	0.0374391	-0.0195722	0.0617776	0.0928189	-0.114598	0.0081187	-0.10051	0.115187	-0.00830468	0.245919	-0.250807	0.195828	0.021034	0.0722931	-0.172397	0.0393356	0.124378	0.0470623	-0.00123387	0.0794463	-0.185639	0.11635	-0.0655584	-0.0150745	0.190095	0.0415002	0.0269698	-0.34177	-0.0839421	-0.0882457	0.158532	0.337649	0.353453	0.108785	-0.206739
0.0656781	0.133414	0.146473	0.054488	-0.136684	0.0192247	0.188689	-0.0923779	0.244699	-0.198684	-0.106956	-0.199822	-0.0684593	0.208631	-0.353628	-0.04256	0.165647	-0.0138831	-0.0400695	-0.126499	-0.0520427	-0.141489	-0.181122	0.546659	0.229197	-0.0435815	-0.188017	-0.00262706	0.0230648	0.0806939	-0.122138	0.0655076	-0.0136571	-0.129707	-0.108648	0.202258	0.04756	-0.0945069	-0.0789456	0.147275	0.338973	0.0704487	-0.0238956	0.12061	0.0133705	-0.0561722	-0.0150563	0.0188885	-0.0804989	-0.40322	-0.113434	0.225275	0.106973	0.00673789	-0.0453822	0.000358147	-0.187385	-0.0783887	-0.101859	0.1706
0.0629326	0.0110096	0.0663472	-0.287382	0.0314277	-0.0306696	-0.0889649	-0.183039	0.179307	-0.0800058	0.0173496	-0.0871831	-0.203714	0.19924	0.252543	0.0440996	0.0734192	0.137308	-0.0153016	-0.330881	-0.141944	-0.0230938	-0.152375	0.229197	0.663957	-0.0851076	-0.272906	0.0446549	-0.192119	0.208595	0.034187	-0.0591043	-0.177513	-0.0968049	-0.0122487	0.194857	0.250746	-0.0774632	0.148256	0.0697106	-0.058339	0.0949134	0.0581922	0.153202	-0.183974	-0.0143502	-0.0761672	-0.0272927	-0.115172	-0.274929	-0.269937	-0.227632	0.152546	-0.0280613	0.367367	-0.0019793	0.144285	-0.0944086	-0.160962	0.241378
0.180288	-0.0862462	-0.112336	0.176452	-0.10578	0.0812932	-0.0811295	0.128156	-0.15936	0.0335784	0.418252	0.14931	0.0851436	-0.0710202	-0.18365	-0.107465	-0.0587407	0.0459452	0.0462394	0.299556	-0.274799	-0.0617141	0.0374391	-0.0435815	-0.0851076	0.714668	0.0186542	-0.2951	-0.0375085	-0.176037	-0.099872	-0.111218	0.254447	-0.142061	0.0446837	-0.0701478	-0.198288	-0.202868	-0.262634	-0.101838	0.0821966	0.15623	0.000188953	-0.161908	0.252265	-0.0207268	-0.100085	0.158823	-0.0638525	0.158199	0.119605	0.190007	0.0750946	-0.189949	-0.175466	-0.00524494	-0.0368849	0.0461756	0.0890305	-0.159297
-0.0286367	0.078538	-0.0127369	0.0271187	-0.0438205	0.0239266	0.0681761	-0.0199861	-0.289341	-0.16572	-0.145011	0.0514905	0.0030353	-0.158894	0.140494	0.137659	-0.0673995	-0.214473	0.0901885	0.114021	-0.00703475	-0.0986529	-0.0195722	-0.188017	-0.272906	0.0186542	0.42498	-0.0394246	0.167629	0.0132229	-0.0844513	0.110931	-0.0178619	0.185007	0.0191756	-0.0961791	-0.183913	0.00834968	-0.216656	-0.143221	0.0728747	-0.3245	0.197279	-0.0220156	0.092482	0.265755	0.0337066	0.0906415	0.0377829	0.309699	0.200735	0.0786969	-0.0202655	0.144479	-0.16988	-0.0578467	-0.160512	0.0785264	-0.00623607	-0.010091
-0.091259	0.00323822	0.183384	-0.0830287	0.0468652	-0.0995635	-0.0837906	-0.116202	0.122137	0.135432	-0.102691	0.0468338	-0.18954	0.259837	-0.0716693	0.0427254	-0.179258	0.0897846	0.060455	-0.0505864	-0.0336191	0.211256	0.0617776	-0.00262706	0.0446549	-0.2951	-0.0394246	0.578298	0.0651817	0.0352524	0.175687	-0.155694	-0.229035	-0.00623694	0.0347139	0.0751358	-0.0263355	-0.0660194	0.257583	-0.18711	-0.248833	0.0753226	0.0839481	0.130556	-0.169492	-0.11957	0.0338354	0.029002	-0.160129	-0.0154017	-0.0376835	-0.373084	-0.0637435	0.163469	0.0400093	0.107804	0.225979	-0.0513084	-0.0551313	-0.0169922
-0.190196	0.227706	0.180239	-0.0995923	-0.225195	-0.0505125	0.0100122	-0.0316903	0.0118486	-0.056573	-0.275503	-0.219993	0.0912754	-0.145257	-0.321988	0.105506	-0.203926	-0.0263743	0.202937	0.17581	0.00629267	0.0150807	0.0928189	0.0230648	-0.192119	-0.0375085	0.167629	0.0651817	0.711766	-0.166997	-0.0111292	0.218216	-0.266381	0.259591	-0.0121364	-0.177902	-0.0854353	-0.00141718	-0.159929	-0.149544	0.160839	-0.0254126	0.107983	-0.00084471	0.0400157	0.197322	-0.00991429	0.0695357	-0.0954523	0.0751299	-0.0224858	0.321399	-0.0348361	-0.0626483	-0.0589328	-0.116452	-0.0030889	0.0171858	0.136679	-0.153696
-0.0741574	0.0730623	0.0265395	-0.224137	0.118743	-0.0501624	0.209191	-0.0932254	0.259767	0.074338	-0.0494802	0.0978338	-0.0761614	0.144662	0.194816	0.0250142	0.142151	-0.273368	0.129287	-0.198312	-0.171068	-0.291421	-0.114598	0.0806939	0.208595	-0.176037	0.0132229	0.0352524	-0.166997	0.801686	-0.0296631	-0.0469405	-0.066793	0.0790304	-0.0710642	0.276754	0.147429	-0.0292806	-0.0959599	0.169437	-0.00333402	-0.285394	-0.055333	0.277406	-0.130312	0.13286	-0.163134	-0.278641	-0.0995779	-0.214762	-0.0839019	-0.24812	-0.168869	0.126502	0.108059	-0.0958182	0.0552252	-0.132441	0.0509722	0.199937
0.00161471	-0.301688	0.00267105	0.181452	0.145671	0.0134047	-0.136036	-0.0367379	0.150033	0.248569	0.090586	0.142301	0.100723	0.199346	0.0466003	-0.275665	-0.291807	-0.0572021	0.178809	0.147609	0.150342	0.0621195	0.0081187	-0.122138	0.034187	-0.099872	-0.0844513	0.175687	-0.0111292	-0.0296631	0.602628	0.0713745	-0.215524	-0.142703	0.0789135	-0.263667	-0.0964314	0.111553	0.0328161	0.0490455	-0.41292	-0.00409463	-0.0182403	-0.0804575	-0.181486	0.0151374	0.0960975	-0.109549	-0.0692402	0.017821	0.0352571	-0.279977	-0.045818	-0.0204546	0.227351	-0.0953386	0.208691	-0.170513	-0.116461	0.142735
-0.147472	-0.03093	0.106646	-0.134287	0.102757	-0.100149	0.195021	0.225296	-0.0313525	-0.156885	-0.335153	-0.180639	-0.00994733	-0.22682	0.0165991	0.0642687	-0.0256785	-0.139921	0.0673024	0.0347503	-0.00641931	0.00672813	-0.10051	0.0655076	-0.0591043	-0.111218	0.110931	-0.155694	0.218216	-0.0469405	0.0713745	0.642587	0.010804	0.0891098	-0.0917723	-0.283303	0.0528567	0.0129344	-0.170183	0.130789	0.0172598	-0.085189	0.109522	-0.123628	-0.000389958	0.167575	-0.0311623	-0.0466252	0.101272	-0.000117743	0.0386639	0.102387	0.0551992	0.0818388	-0.0459381	-0.0907894	0.0464991	-0.0693839	0.0111059	0.0818018
-0.075302	-0.0289557	-0.355539	-0.0314585	0.115784	-0.000261808	0.131756	0.161585	-0.215175	-0.100709	0.0936099	0.0227479	-0.0130463	-0.100698	-0.0388737	0.0825543	0.254315	0.0512118	-0.265058	0.0998473	-0.0888535	-0.0388641	0.115187	-0.0136571	-0.177513	0.254447	-0.0178619	-0.229035	-0.266381	-0.066793	-0.215524	0.010804	0.593481	-0.254377	-0.0273482	-0.0886763	0.110464	-0.116845	-0.0690456	0.0554512	0.0516782	0.176563	-0.0817889	0.0678556	0.347294	-0.34732	0.105494	-0.126276	0.215393	0.119017	0.087699	0.203921	0.0481761	0.0125941	-0.28194	0.0392526	-0.124549	0.12958	0.0962358	0.0037263
-0.0973708	0.0707071	0.229923	-0.205219	0.206932	-0.00408415	0.157821	-0.0195357	0.0330255	0.00012429	-0.0764846	-0.0672034	0.0473071	-0.140646	-0.00186076	0.0583859	-0.236764	-0.0640645	0.254265	-0.0380517	-0.0332215	0.144591	-0.00830468	-0.129707	-0.0968049	-0.142061	0.185007	-0.00623694	0.259591	0.0790304	-0.142703	0.0891098	-0.254377	0.626322	0.0294202	0.0830535	0.00176686	-0.110646	-0.121327	-0.174809	0.0904395	-0.321789	0.0671246	-0.0737403	-0.203133	0.420479	-0.0885818	0.202433	0.0256934	0.0687316	0.0204651	-0.029311	-0.135695	-0.020275	0.0231653	-0.000765499	-0.10654	-0.140821	0.112021	-0.294801
0.0679235	0.0597945	-0.0843131	-0.027823	0.00195059	-0.0936812	0.0716742	-0.0954881	0.0718713	-0.0321768	-0.00469816	-0.00484449	0.151555	0.0633535	0.0058359	0.0168054	-0.203162	0.0663032	-0.0265613	-0.128189	-0.0158289	-0.085429	0.245919	-0.108648	-0.0122487	0.0446837	0.0191756	0.0347139	-0.0121364	-0.0710642	0.0789135	-0.0917723	-0.0273482	0.0294202	0.436125	-0.259178	-0.042922	-0.0430436	0.0142097	-0.0606303	0.0681445	-0.0393698	-0.00570534	0.0567602	-0.0331443	0.0791177	-0.0213028	-0.0101639	-0.0253143	0.0712303	-0.0117428	0.0236716	-0.0372637	-0.0581799	-0.116442	0.112379	-0.00141578	0.083649	0.0538744	-0.137823
0.133364	0.124555	0.169147	-0.0207812	0.0347671	0.17633	-0.0575897	-0.0204634	0.148068	-0.0188156	0.0838609	-0.154072	-0.229127	0.0663737	-0.0771281	-0.000704901	0.0425046	-0.135274	0.021348	-0.116106	-0.131896	-0.0979538	-0.250807	0.202258	0.194857	-0.0701478	-0.0961791	0.0751358	-0.177902	0.276754	-0.263667	-0.283303	-0.0886763	0.0830535	-0.259178	0.737755	0.105469	-0.102621	0.195411	-0.152146	0.0890031	-0.126523	0.120349	0.0605738	0.0692376	0.0285623	-0.130215	0.194843	-0.198321	-0.228872	0.0242161	-0.0741951	0.129505	0.0251559	0.116411	0.00273616	-0.183367	-0.154404	0.022342	0.146492
-0.326557	0.183816	-0.229011	-0.367095	0.185695	-0.120162	0.168532	-0.0102311	0.061745	0.012237	-0.164968	-0.239658	-0.26459	0.00300513	0.131987	0.15244	0.205582	0.0934158	-0.271802	-0.176753	-0.18178	0.0959464	0.195828	0.04756	0.250746	-0.198288	-0.183913	-0.0263355	-0.0854353	0.147429	-0.0964314	0.0528567	0.110464	0.00176686	-0.042922	0.105469	0.629363	-0.0886987	0.199168	-0.058246	-0.0257976	-0.00332555	-0.000738836	0.26724	0.0831386	-0.221784	0.0238505	-0.0580493	-0.0876796	-0.146034	-0.25015	0.0815754	-0.0496598	0.0707322	0.0743565	-0.102512	0.276183	-0.0568325	0.0111293	0.212183
0.14055	0.0669483	0.0403891	0.332649	-0.0346681	0.017254	-0.279248	-0.0961469	-0.0936237	-0.0420887	-0.0233942	0.0598231	0.17883	-0.0387611	0.248964	-0.166641	0.240669	-0.120178	-0.101929	-0.132306	0.120067	-0.12864	0.021034	-0.0945069	-0.0774632	-0.202868	0.00834968	-0.0660194	-0.00141718	-0.0292806	0.111553	0.0129344	-0.116845	-0.110646	-0.0430436	-0.102621	-0.0886987	0.645035	0.151653	0.174632	-0.115724	0.0393496	-0.273744	-0.0351908	0.0298736	-0.0212603	0.00761107	-0.0388773	0.0724037	-0.0983497	-0.0208368	-0.00531668	-0.0649407	-0.159458	0.134976	-0.0467766	0.127816	0.247214	-0.00219648	-0.156874
0.00895935	0.085253	0.0208719	-0.0709814	0.1069	-0.0213052	-0.217497	0.0245412	0.100326	0.0575603	-0.0632601	-0.142082	-0.14053	-0.0420749	0.083207	-0.0196096	-0.0219326	0.185702	-0.194046	-0.221402	-0.0295099	0.186371	0.0722931	-0.0789456	0.148256	-0.262634	-0.216656	0.257583	-0.159929	-0.0959599	0.0328161	-0.170183	-0.0690456	-0.121327	0.0142097	0.195411	0.199168	0.151653	0.544068	-0.115728	-0.260501	0.166278	0.0413825	-0.0361928	0.017309	-0.213867	-0.0163705	0.109317	-0.131398	-0.0947155	-0.0745703	-0.170155	0.0908226	-0.0496895	0.139986	0.122926	0.283685	0.0859973	0.0153815	-0.0261336
0.128357	0.0250483	0.0365173	0.193667	-0.0771522	-0.120104	0.144716	0.138998	0.156885	0.0909739	-0.0239333	0.0134694	0.0959772	0.0668183	0.104856	-0.151183	0.362036	0.124604	0.00567908	-0.0690102	0.270656	-0.129334	-0.172397	0.147275	0.0697106	-0.101838	-0.143221	-0.18711	-0.149544	0.169437	0.0490455	0.130789	0.0554512	-0.174809	-0.0606303	-0.152146	-0.058246	0.174632	-0.115728	0.670229	0.126185	0.126428	-0.258606	0.00989328	-0.135839	-0.054441	-0.203572	-0.524569	0.190365	-0.198162	-0.211178	0.00573928	-0.19393	-0.0924079	0.0865468	-0.0911401	0.0592479	-0.0846231	-0.129962	0.034581
0.0415776	0.247014	-0.0217013	0.0479603	-0.413863	0.016581	0.327463	-0.0191563	0.0349248	-0.331181	-0.170789	-0.16292	0.0676937	-0.0808972	-0.270279	0.227204	0.204514	-0.0843274	-0.0911427	-0.112443	0.0526409	-0.288852	0.0393356	0.338973	-0.058339	0.0821966	0.0728747	-0.248833	0.160839	-0.00333402	-0.41292	0.0172598	0.0516782	0.0904395	0.0681445	0.0890031	-0.0257976	-0.115724	-0.260501	0.126185	0.731248	-0.0867865	-0.0236906	0.0566424	0.0474155	0.122098	-0.0351271	-0.0249396	0.0265156	-0.117561	-0.00414032	0.51125	-0.0614286	0.00740769	-0.218443	0.0399505	-0.360259	0.143269	-0.0196346	0.0347114
0.0481034	-0.102802	-0.0229849	-0.0118774	-0.142919	-0.075438	-0.253121	0.100007	-0.0144529	0.116691	0.14807	0.0359156	-0.0329411	0.0998044	-0.0860686	0.0342815	0.163718	0.322477	-0.141814	0.0319924	0.0164452	0.128607	0.124378	0.0704487	0.0949134	0.15623	-0.3245	0.0753226	-0.0254126	-0.285394	-0.00409463	-0.085189	0.176563	-0.321789	-0.0393698	-0.126523	-0.00332555	0.0393496	0.166278	0.126428	-0.0867865	0.630494	-0.231357	0.0175472	0.0456468	-0.465054	-0.0125682	-0.183975	0.138425	-0.0599434	-0.148996	-0.0842997	0.0241944	-0.145155	0.0670342	0.110266	0.17558	0.132422	0.0745282	-0.174011
0.0903139	0.0576295	0.101394	-0.206426	-0.0343559	-0.0945936	0.0970279	-0.0244195	0.00733651	-0.22206	-0.249489	-0.273025	-0.283467	-0.23424	0.00754702	0.174917	-0.294825	-0.0245473	-0.0587583	0.078532	-0.2587	-0.0167364	0.0470623	-0.0238956	0.0581922	0.000188953	0.197279	0.0839481	0.107983	-0.055333	-0.0182403	0.109522	-0.0817889	0.0671246	-0.00570534	0.120349	-0.000738836	-0.273744	0.0413825	-0.258606	-0.0236906	-0.231357	0.745509	-0.249998	0.138972	0.204199	-0.0256577	0.24766	-0.0793012	0.23418	0.200308	-0.00416979	0.104664	0.106686	-0.0197147	0.0436977	0.0132574	0.0404783	-0.0262838	0.126527
-0.172623	0.261314	-0.127516	-0.208282	0.0363057	-0.045464	0.0287527	-0.214434	-0.0441665	0.0712854	-0.106112	-0.0883468	-0.143651	0.447412	0.134699	0.13884	0.252571	-0.0388242	-0.0506543	-0.134963	0.0393367	-0.20607	-0.00123387	0.12061	0.153202	-0.161908	-0.0220156	0.130556	-0.00084471	0.277406	-0.0804575	-0.123628	0.0678556	-0.0737403	0.0567602	0.0605738	0.26724	-0.0351908	-0.0361928	0.00989328	0.0566424	0.0175472	-0.249998	0.693143	0.106081	-0.229862	-0.00907021	-0.298766	-0.00880746	-0.157722	-0.293535	-0.0320728	0.0462601	0.19	-0.0627805	-0.165334	-0.141164	-0.174754	0.0471194	0.22878
0.0749177	0.307665	-0.190129	0.11431	0.100504	0.0713458	-0.0123904	0.0987264	-0.214468	-0.184337	-0.0322973	-0.318255	-0.149314	-0.0750869	-0.132706	-0.057924	0.120032	-0.0376598	-0.181894	0.157875	-0.285793	-0.210994	0.0794463	0.0133705	-0.183974	0.252265	0.092482	-0.169492	0.0400157	-0.130312	-0.181486	-0.000389958	0.347294	-0.203133	-0.0331443	0.0692376	0.0831386	0.0298736	0.017309	-0.135839	0.0474155	0.0456468	0.138972	0.106081	0.631449	-0.198581	-0.0802189	0.0866311	-0.0188906	0.0959082	0.0971002	0.400073	0.141795	-0.124487	-0.260224	-0.145272	-0.100664	0.080882	0.169177	-0.0615799
0.0849029	0.040235	0.266166	0.0393714	0.0394982	0.0210332	0.107917	-0.03316	0.0781464	-0.137692	-0.0485812	-0.0227278	0.211519	-0.2183	0.0108558	-0.0404294	-0.326217	-0.239442	0.329961	-0.0294328	0.0101446	-0.0657068	-0.185639	-0.0561722	-0.0143502	-0.0207268	0.265755	-0.11957	0.197322	0.13286	0.0151374	0.167575	-0.34732	0.420479	0.0791177	0.0285623	-0.221784	-0.0212603	-0.213867	-0.054441	0.122098	-0.465054	0.204199	-0.229862	-0.198581	0.634551	-0.111439	0.20718	-0.146866	0.0484337	0.128702	0.0309169	0.00728524	-0.0528664	0.0555209	-0.0153147	-0.136605	-0.107487	-0.0564386	-0.0481136
-0.266558	-0.267611	-0.273835	-0.0593237	-0.0818645	0.104153	-0.0476709	-0.19818	-0.139674	-0.159857	-0.0117889	0.200332	0.205087	-0.0742826	-0.0526811	0.182209	-0.072364	-0.124808	-0.112073	0.0304344	0.233682	0.103039	0.11635	-0.0150563	-0.0761672	-0.100085	0.0337066	0.0338354	-0.00991429	-0.163134	0.0960975	-0.0311623	0.105494	-0.0885818	-0.0213028	-0.130215	0.0238505	0.00761107	-0.0163705	-0.203572	-0.0351271	-0.0125682	-0.0256577	-0.00907021	-0.0802189	-0.111439	0.527765	0.0917037	0.0804724	0.117693	0.165185	0.0861143	0.12065	0.139508	0.0151753	0.107897	-0.196274	0.193564	-0.111045	0.257924
0.119398	0.0138638	0.138261	0.0323928	0.0876847	0.23603	-0.0772745	-0.110719	-0.0737941	-0.150568	0.0383719	-0.0308542	-0.105135	-0.121592	-0.202671	-0.178239	-0.23709	0.0210911	-0.0267192	-0.021628	-0.341183	0.211458	-0.0655584	0.0188885	-0.0272927	0.158823	0.0906415	0.029002	0.0695357	-0.278641	-0.109549	-0.0466252	-0.126276	0.202433	-0.0101639	0.194843	-0.0580493	-0.0388773	0.109317	-0.524569	-0.0249396	-0.183975	0.24766	-0.298766	0.0866311	0.20718	0.0917037	0.82488	-0.173233	-0.0034476	0.198042	0.151204	0.24428	-0.0229016	-0.129249	0.10024	-0.0511366	0.097308	0.0510955	-0.221542
0.13538	-0.213488	-0.103791	-0.14442	0.0221284	0.106186	0.0261177	-0.00437928	-0.176893	-0.0130917	-0.10925	0.077336	-0.0854412	0.0553902	0.277153	0.0339264	0.21823	0.129153	-0.0919543	-0.0287485	0.192447	-0.0832984	-0.0150745	-0.0804989	-0.115172	-0.0638525	0.0377829	-0.160129	-0.0954523	-0.0995779	-0.0692402	0.101272	0.215393	0.0256934	-0.0253143	-0.198321	-0.0876796	0.0724037	-0.131398	0.190365	0.0265156	0.138425	-0.0793012	-0.00880746	-0.0188906	-0.146866	0.0804724	-0.173233	0.60703	0.133976	0.0397729	-0.0745291	-0.0314022	0.0755896	-0.00495569	0.0036396	-0.324404	0.0892518	0.139259	-0.191434
-0.0767892	-0.139055	-0.209923	-0.0542905	-0.0193727	0.00838602	-0.0665988	0.0987322	-0.383914	-0.0712125	0.0188355	0.139938	-0.0263729	-0.253187	0.223212	0.220532	-0.17534	-0.0201816	0.0278827	0.231025	0.0180357	0.0750103	0.190095	-0.40322	-0.274929	0.158199	0.309699	-0.0154017	0.0751299	-0.214762	0.017821	-0.000117743	0.119017	0.0687316	0.0712303	-0.228872	-0.146034	-0.0983497	-0.0947155	-0.198162	-0.117561	-0.0599434	0.23418	-0.157722	0.0959082	0.0484337	0.117693	-0.0034476	0.133976	0.547884	0.24975	-0.0397315	-0.07414	0.0558918	-0.0486012	0.0171986	0.00328464	0.164505	0.00244324	-0.0707096
0.0600331	-0.226793	-0.0682405	0.141857	0.0111338	0.161715	-0.00213097	0.0901642	-0.131035	-0.198071	0.0428867	0.112008	0.0934532	-0.228968	-0.0840438	0.0425622	-0.243809	-0.281046	0.0645255	0.148612	-0.0378613	-0.0844138	0.0415002	-0.113434	-0.269937	0.119605	0.200735	-0.0376835	-0.0224858	-0.0839019	0.0352571	0.0386639	0.087699	0.0204651	-0.0117428	0.0242161	-0.25015	-0.0208368	-0.0745703	-0.211178	-0.00414032	-0.148996	0.200308	-0.293535	0.0971002	0.128702	0.165185	0.198042	0.0397729	0.24975	0.422481	0.0378381	0.0355353	0.0133833	-0.0757689	0.0990209	-0.198269	0.163442	0.0310418	-0.0156532
-0.120628	0.387129	-0.272505	0.139336	-0.20255	0.197349	0.273645	0.0676154	-0.0676046	-0.34613	-0.190991	-0.335406	0.137975	-0.270971	-0.481856	-0.0665076	0.137987	0.0422113	-0.1086	0.0752416	-0.00498542	-0.149248	0.0269698	0.225275	-0.227632	0.190007	0.0786969	-0.373084	0.321399	-0.24812	-0.279977	0.102387	0.203921	-0.029311	0.0236716	-0.0741951	0.0815754	-0.00531668	-0.170155	0.00573928	0.51125	-0.0842997	-0.00416979	-0.0320728	0.400073	0.0309169	0.0861143	0.151204	-0.0745291	-0.0397315	0.0378381	0.947448	0.0971889	-0.188178	-0.299089	-0.156912	-0.256356	0.141416	0.0321207	0.00741001
0.0868397	-0.0145704	0.0148514	-0.124541	-0.0328363	0.229102	-0.225247	-0.0507079	-0.071134	-0.112742	-0.0489014	-0.131099	0.038431	-0.00516442	-0.0432305	-0.0147936	-0.122076	-0.0115135	0.0123354	-0.0656045	0.118068	-0.0563633	-0.34177	0.106973	0.152546	0.0750946	-0.0202655	-0.0637435	-0.0348361	-0.168869	-0.045818	0.0551992	0.0481761	-0.135695	-0.0372637	0.129505	-0.0496598	-0.0649407	0.0908226	-0.19393	-0.0614286	0.0241944	0.104664	0.0462601	0.141795	0.00728524	0.12065	0.24428	-0.0314022	-0.07414	0.0355353	0.0971889	0.573724	0.0821445	-0.0285293	0.0137129	-0.377394	-0.0967835	0.0402803	0.267335
-0.139487	-0.101048	-0.0386494	-0.227327	-0.145359	0.00191825	0.104536	-0.0662634	-0.0822137	0.0736488	-0.241146	0.120184	-0.20942	0.138473	0.161989	0.221607	0.0770744	-0.0969437	-0.0870111	-0.0285998	0.128499	-0.0114179	-0.0839421	0.00673789	-0.0280613	-0.189949	0.144479	0.163469	-0.0626483	0.126502	-0.0204546	0.0818388	0.0125941	-0.020275	-0.0581799	0.0251559	0.0707322	-0.159458	-0.0496895	-0.0924079	0.00740769	-0.145155	0.106686	0.19	-0.124487	-0.0528664	0.139508	-0.0229016	0.0755896	0.0558918	0.0133833	-0.188178	0.0821445	0.459697	-0.123025	0.00811648	-0.134864	-0.0697638	-0.0390267	0.342356
0.017488	-0.201986	0.0429651	-0.08629	0.0540191	0.0708045	-0.240999	-0.0614425	0.0788236	0.0289539	0.0905279	0.0470083	-0.0378305	0.0277082	0.31545	-0.000868356	-0.0659067	-0.0122808	0.150127	-0.120973	0.104326	0.0258506	-0.0882457	-0.0453822	0.367367	-0.175466	-0.16988	0.0400093	-0.0589328	0.108059	0.227351	-0.0459381	-0.28194	0.0231653	-0.116442	0.116411	0.0743565	0.134976	0.139986	0.0865468	-0.218443	0.0670342	-0.0197147	-0.0627805	-0.260224	0.0555209	0.0151753	-0.129249	-0.00495569	-0.0486012	-0.0757689	-0.299089	-0.0285293	-0.123025	0.53821	-0.0586106	0.152599	-0.0548557	-0.137474	0.131305
0.0341678	-0.130614	0.085464	-0.0406153	-0.0846033	-0.152137	-0.0402912	-0.0423347	0.0601856	-0.097993	0.0687133	0.122159	0.165523	-0.134519	-0.0752647	0.193836	-0.114746	0.0095276	-0.117421	-0.115851	0.000307099	0.112952	0.158532	0.000358147	-0.0019793	-0.00524494	-0.0578467	0.107804	-0.116452	-0.0958182	-0.0953386	-0.0907894	0.0392526	-0.000765499	0.112379	0.00273616	-0.102512	-0.0467766	0.122926	-0.0911401	0.0399505	0.110266	0.0436977	-0.165334	-0.145272	-0.0153147	0.107897	0.10024	0.0036396	0.0171986	0.0990209	-0.156912	0.0137129	0.00811648	-0.0586106	0.329162	0.0107829	0.219476	0.00267955	-0.110165
-0.1959	0.088497	0.0340694	-0.0031871	0.124902	-0.381336	-0.0329857	0.137474	0.0952409	0.206096	0.0547461	0.069462	-0.17694	-0.124524	0.135978	-0.0491441	0.0645918	0.225781	-0.128486	-0.00452903	-0.395978	0.367525	0.337649	-0.187385	0.144285	-0.0368849	-0.160512	0.225979	-0.0030889	0.0552252	0.208691	0.0464991	-0.124549	-0.10654	-0.00141578	-0.183367	0.276183	0.127816	0.283685	0.0592479	-0.360259	0.17558	0.0132574	-0.141164	-0.100664	-0.136605	-0.196274	-0.0511366	-0.324404	0.00328464	-0.198269	-0.256356	-0.377394	-0.134864	0.152599	0.0107829	1.00766	0.12932	-0.116103	-0.171867
-0.002802	0.002581	-0.176305	0.0101477	-0.283033	-0.0779969	-0.085442	-0.106229	-0.192928	-0.337884	-0.0715788	0.132972	0.0978994	-0.300659	0.0995442	0.264409	0.155493	-0.0348817	-0.297895	-0.134547	-0.141488	-0.0706345	0.353453	-0.0783887	-0.0944086	0.0461756	0.0785264	-0.0513084	0.0171858	-0.132441	-0.170513	-0.0693839	0.12958	-0.140821	0.083649	-0.154404	-0.0568325	0.247214	0.0859973	-0.0846231	0.143269	0.132422	0.0404783	-0.174754	0.080882	-0.107487	0.193564	0.097308	0.0892518	0.164505	0.163442	0.141416	-0.0967835	-0.0697638	-0.0548557	0.219476	0.12932	0.602927	0.0208923	-0.172905
0.0523681	0.0520052	0.0344563	-0.196483	0.0421314	0.0404156	-0.0391101	0.0492158	0.059567	0.131708	-0.0516311	-0.0957977	-0.00314179	-0.0339363	-0.0809611	-0.0159926	-0.0598843	-0.00746014	-0.00584684	0.0272346	-0.140352	-0.12519	0.108785	-0.101859	-0.160962	0.0890305	-0.00623607	-0.0551313	0.136679	0.0509722	-0.116461	0.0111059	0.0962358	0.112021	0.0538744	0.022342	0.0111293	-0.00219648	0.0153815	-0.129962	-0.0196346	0.0745282	-0.0262838	0.0471194	0.169177	-0.0564386	-0.111045	0.0510955	0.139259	0.00244324	0.0310418	0.0321207	0.0402803	-0.0390267	-0.137474	0.00267955	-0.116103	0.0208923	0.397923	-0.270619
-0.23222	-0.117288	-0.224613	-0.106573	-0.224985	0.0536346	0.0307616	-0.0588453	0.0256619	-0.0543359	-0.139675	-0.0079095	-0.0213787	0.0603882	0.106232	0.240157	0.0301179	-0.280912	-0.0606724	-0.0094654	0.312322	-0.178085	-0.206739	0.1706	0.241378	-0.159297	-0.010091	-0.0169922	-0.153696	0.199937	0.142735	0.0818018	0.0037263	-0.294801	-0.137823	0.146492	0.212183	-0.156874	-0.0261336	0.034581	0.0347114	-0.174011	0.126527	0.22878	-0.0615799	-0.0481136	0.257924	-0.221542	-0.191434	-0.0707096	-0.0156532	0.00741001	0.267335	0.342356	0.131305	-0.110165	-0.171867	-0.172905	-0.270619	0.898946
